100
2308
2888
2377
1595
3860
7693
195
9260
68
22
9880
5
504
9982
25
11
9861
7
6647
6647
6647
529
9196
66
1292
2391
396
6500
7474
65
859
9141
49
832
9633
91
382
9435
55
30
9869
10
3675
4913
9349
192
9742
16
217
9982
13
610
4209
8112
2814
3110
550
980
9765
92
8177
8177
8177
472
9536
91
46
9154
75
22
9871
9
726
9093
37
57
293
31
2614
9008
2310
2458
8077
2138
297
9622
65
7717
9445
8154
2109
4278
31
952
9635
4
52
9742
76
6183
9857
9963
833
9314
49
399
490
56
596
9939
26
406
9152
62
1273
9606
1512
4735
7266
5295
8
9900
8
981
8244
5221
222
336
71
44
9123
12
3942
5866
1369
10
9876
6
79
9473
26
6152
9534
5649
779
9879
129
183
9545
49
881
9950
94
1639
6484
9258
6032
9836
8218
302
9085
80
569
9006
70
651
7577
9944
727
9740
64
232
9575
22
6836
7587
3784
5587
5587
5587
6094
6466
2703
294
9696
68
135
9052
55
7957
9317
4329
4261
8101
60
643
9161
18
1671
9943
88
3927
7719
1821
3747
7361
9883
468
9716
29
32
9895
1
2478
8429
6069
80
9746
1
176
299
25
357
9806
72
995
9506
18
7920
8716
1797
974
9372
52
32
9982
3
1496
3344
88
1189
1267
4510
1861
5153
5484
81
9387
74
253
255
67
262
9705
46
389
9072
53
127
446
18
4252
7526
39
191
325
49
850
9783
38
2088
9484
87
1893
2270
3554
6084
9404
5443
81
422
5
26
9884
2
5249
5391
35
33
9886
4
407
5253
51
601
9946
69
280
9125
91

