674
5755
-1
5666
-1
3964
-1
3856
-1
-1
-1
-1
-1
1937
-1
1080
4868
1054
-1
-1
-1
-1
8526
-1
-1
-1
-1
-1
170
-1
401
-1
2779
4818
-1
-1
6066
-1
9309
-1
8659
-1
-1
7840
119
6020
-1
-1
-1
-1
-1
793
-1
-1
-1
7149
2958
465
-1
-1
8785
8658
4409
-1
880
-1
-1
7805
-1
6215
-1
-1
2426
-1
8128
2723
6639
-1
-1
8176
754
4972
2200
-1
4947
-1
8337
-1
-1
7272
-1
-1
-1
-1
1424
-1
-1
-1
621
6265
9916
8184
6310
2144
-1
4866
-1
5141
2641
4113
-1
1029
-1
-1
1047
9319
5921
-1
-1
1761
7268
1461
-1
1242
7296
-1
509
-1
-1
-1
875
-1
-1
-1
925
3988
-1
2111
-1
2467
9055
3150
4339
9953
7548
1648
4200
6704
821
-1
-1
-1
-1
-1
-1
5290
9240
1736
4440
-1
4092
-1
4619
6782
2116
7031
3095
1050
-1
-1
2011
-1
8856
6599
-1
-1
1034
-1
4587
-1
-1
9328
3548
-1
6613
6818
3497
8801
6876
315
1137
-1
-1
3457
-1
5787
-1
-1
1245
5840
-1
2138
-1
-1
1678
-1
3407
9967
7087
1765
-1
6763
-1
464
5130
4443
9818
6672
-1
3577
-1
2927
-1
-1
-1
241
-1
-1
9492
1902
3136
-1
5013
4469
4188
-1
-1
9222
-1
-1
-1
-1
-1
-1
-1
-1
-1
1318
-1
-1
813
6341
-1
-1
-1
8925
-1
-1
6664
-1
-1
6129
4290
-1
-1
6584
9015
5288
-1
-1
2394
-1
2469
-1
-1
8781
1117
9021
-1
8959
1148
8824
8178
9375
-1
3501
5686
-1
-1
6313
9388
30
8891
5222
7069
7139
-1
1055
-1
1323
-1
-1
-1
-1
2840
5826
-1
-1
6908
1746
1780
3722
4231
4103
227
4285
-1
4240
-1
7457
3514
4731
-1
6515
-1
1231
9284
1496
1586
-1
-1
-1
3371
363
4093
-1
-1
-1
5497
-1
4687
8519
-1
-1
-1
7239
4382
7113
7480
1354
2983
-1
-1
2668
-1
1399
-1
-1
-1
1367
1334
1624
861
2418
9504
-1
-1
-1
-1
5854
-1
5811
5958
6173
-1
-1
8835
-1
8115
-1
-1
4251
-1
4611
2342
5861
-1
-1
4907
1521
2472
1165
-1
-1
-1
7109
-1
3957
-1
-1
8014
4171
-1
-1
-1
6907
7516
3480
5426
5851
-1
-1
-1
1166
-1
-1
-1
-1
-1
-1
1333
8165
-1
-1
-1
1567
4411
6560
-1
6804
9299
-1
2003
3711
-1
1996
-1
-1
-1
7529
8573
6666
7470
6868
3963
9049
4317
-1
7071
-1
5820
8016
-1
37
-1
-1
-1
7896
-1
-1
3179
599
-1
-1
-1
-1
3600
-1
-1
5508
-1
8521
6231
-1
6049
-1
3687
9016
3522
6711
458
1809
8535
-1
4345
-1
-1
6009
-1
-1
-1
-1
-1
-1
4264
9811
8593
-1
8470
5573
3137
9232
9827
4796
7450
4180
-1
-1
2286
6728
5175
-1
-1
9633
-1
4408
291
5129
7344
-1
-1
8215
-1
-1
-1
-1
-1
5007
-1
-1
5498
-1
3463
-1
-1
-1
9338
90
-1
2635
-1
-1
6861
9366
-1
-1
9466
-1
4653
-1
-1
5157
-1
5953
305
4843
-1
6126
-1
2131
3395
-1
-1
8768
-1
6945
-1
905
5881
1160
7489
-1
5736
-1
-1
3563
-1
9225
-1
-1
-1
6894
-1
8721
6276
29
-1
6244
-1
6659
5249
1301
-1
-1
-1
-1
-1
3267
7636
5154
4723
-1
3902
-1
4847
-1
-1
5875
-1
4446
9023
-1
2450
1606
-1
-1
-1
-1
3528
7665
-1
1738
-1
-1
-1
-1
8304
165
7193
-1
1078
-1
-1
-1
3426
-1
4854
-1
3417
-1
2902
-1
7309
-1
-1
3956
9768
2716
-1
6123
7633
-1
2371
7314
-1
1259
-1
3694
-1
928
-1
-1
-1
-1
-1
9681
-1
6836
-1
-1
4141
5927
-1
-1
8153
-1
27
7810
6770
-1
-1
-1
-1
2510
-1
8118
-1
5667
-1
-1
8616
-1
-1
1433
-1
-1
-1
8309
9989
-1
-1
-1
-1
-1
3439
-1
5060
8802
1980
-1
5438
-1
-1
-1
-1
-1
-1
8109
811
7902
7773
-1
3360
-1
-1
745
-1
-1
8276
3241
167
3153
1596
1523
-1
8857
-1
-1
1900
-1
2731
854
-1
8866
-1
-1
3982
5570
1480
-1
-1
3508
9122
9004
-1
-1
2524
-1
-1
-1
5003
-1
-1
164
-1
-1
-1
9295
1239
-1
-1
-1
851
3244
7471
7933
259
-1
7206
2863
8874
2247
5775
-1
5776
8723
-1
-1
-1
1541
-1
9683
4054
8941
-1
560
-1
9590
7360
-1
7752
-1
3304
7870
-1
-1
-1
-1
8036
3126
-1
-1
-1
-1
9934
-1
-1
-1
-1
4751
-1
-1
-1
1096
-1
-1
-1
128
3718
9800
-1
2859
6747
-1
6450
9708
-1
9314
8805
2719
-1
-1
-1
-1
7421
-1
-1
-1
-1
2061
7575
-1
-1
7258
-1
-1
-1
2272
-1
9399
8478
-1
-1
6159
5517
-1
5342
-1
-1
-1
-1
9935
9797
-1
1226
4689
-1
-1
2185
2041
6947
111
-1
9493
-1
-1
-1
1081
-1
4730
7436
5876
-1
-1
639
8464
5214
-1
-1
6428
2870
2317
2187
1268
6381
-1
1819
8569
-1
-1
4540
3088
6801
-1
-1
-1
-1
7565
8183
-1
8394
-1
-1
9822
-1
-1
6573
-1
-1
7137
3991
-1
2204
-1
6585
5658
2420
-1
6699
-1
-1
6239
-1
-1
-1
-1
-1
-1
2087
-1
1380
6423
6034
-1
-1
-1
4014
2746
-1
-1
9961
6106
1139
8649
-1
9413
4557
-1
-1
-1
9736
-1
-1
4542
5408
4762
2336
5451
2268
3022
1227
-1
784
7468
-1
-1
1243
361
-1
-1
3496
-1
-1
6832
-1
7863
9383
-1
841
4226
-1
-1
582
-1
-1
-1
-1
424
-1
-1
-1
4106
3373
-1
-1
9958
2136
-1
6732
7935
8967
7074
7623
5105
7764
-1
-1
5343
7744
-1
-1
-1
-1
4799
8515
9008
6221
8748
2055
2505
-1
4037
-1
-1
1653
-1
5174
-1
5484
6485
1332
9127
6587
4300
5772
-1
-1
6709
1625
4203
-1
2809
-1
6409
-1
-1
-1
7835
-1
6298
2839
-1
-1
-1
6161
-1
-1
266
2381
-1
-1
5031
4594
-1
4879
5269
9507
-1
-1
5688
2813
-1
1966
-1
9089
571
-1
-1
-1
8211
8095
7692
-1
4164
-1
-1
7598
-1
2026
1107
-1
2908
-1
-1
-1
-1
955
9694
3727
8453
7246
-1
-1
8859
7788
-1
6464
6557
1264
8997
5860
708
5341
-1
1834
6361
-1
283
7942
20
-1
6293
9754
-1
-1
-1
-1
856
1781
-1
3855
-1
4257
-1
-1
-1
4118
4085
-1
8221
-1
8080
501
-1
-1
-1
126
2308
6168
2209
-1
3410
-1
5608
-1
-1
1150
-1
-1
-1
-1
-1
2835
-1
2196
6083
5995
3602
-1
-1
-1
5162
2296
6029
2540
9639
-1
6352
2672
6048
8005
-1
7853
5072
-1
-1
3565
8343
-1
4809
-1
-1
-1
-1
4957
-1
3459
-1
-1
-1
7214
-1
-1
-1
2798
-1
688
-1
-1
-1
-1
-1
2539
3887
-1
2549
6294
6008
5217
6909
-1
4803
8196
3516
-1
-1
-1
-1
-1
-1
863
7329
-1
-1
-1
-1
-1
1941
9519
1616
796
-1
7900
2214
-1
1783
-1
-1
-1
-1
3370
5059
3427
-1
6384
2681
-1
-1
7447
6622
6266
7678
-1
4124
-1
2519
3242
-1
-1
-1
799
-1
-1
6053
-1
5679
7710
6912
4100
4260
7393
5043
6612
-1
762
-1
-1
-1
-1
-1
3653
8655
-1
-1
-1
-1
-1
-1
-1
6387
-1
6981
1994
619
3810
9888
3467
-1
5743
2463
-1
-1
-1
-1
-1
-1
1271
1515
-1
-1
-1
-1
6011
2486
-1
9648
-1
806
3651
7141
-1
5952
-1
987
-1
-1
693
3667
7555
195
534
9594
-1
7918
3719
-1
-1
-1
-1
-1
738
-1
-1
-1
-1
-1
-1
-1
6495
1476
2559
-1
-1
8463
4685
-1
6828
4943
2363
2019
2125
7032
1489
-1
-1
3040
-1
-1
5372
-1
8520
-1
8111
9782
-1
9644
-1
-1
-1
-1
2281
-1
-1
-1
-1
-1
1559
4274
-1
9864
-1
1989
-1
-1
7762
451
1607
3891
3751
1436
-1
-1
8030
5681
3585
9053
1979
-1
-1
-1
-1
6523
1212
-1
3861
-1
988
-1
8101
-1
3235
-1
-1
9070
-1
-1
1321
6484
7224
5531
5266
6473
6317
-1
-1
9874
1023
-1
4715
-1
444
9760
-1
4187
-1
-1
-1
-1
362
150
-1
7905
-1
2973
-1
-1
4782
9080
3774
-1
-1
-1
-1
611
810
-1
8430
3386
-1
3980
-1
-1
5441
-1
8431
-1
-1
415
1769
3105
-1
2996
-1
4206
3188
-1
-1
7420
3067
6093
-1
-1
-1
-1
7333
-1
-1
-1
-1
-1
6626
-1
1253
1958
8989
4439
-1
2484
7959
-1
8047
-1
-1
-1
2655
-1
-1
855
2133
-1
8201
-1
7110
6371
9166
-1
-1
3076
4956
-1
-1
6146
-1
7614
-1
8693
-1
-1
-1
-1
4120
-1
3704
4645
6322
-1
4787
-1
-1
-1
934
-1
3815
-1
537
-1
-1
-1
208
-1
7133
9613
-1
9739
2833
-1
-1
-1
-1
-1
-1
-1
-1
-1
-1
-1
-1
2795
2440
-1
7316
3369
7154
2448
-1
4767
-1
-1
-1
-1
9744
6545
2819
7123
-1
7145
3713
-1
-1
4863
-1
8607
-1
9316
6052
-1
8932
7912
9102
7925
-1
-1
6339
-1
-1
-1
136
7130
-1
-1
5442
-1
-1
7794
-1
-1
3525
-1
-1
-1
-1
1189
-1
4512
9423
8661
-1
-1
-1
-1
3562
-1
-1
-1
5462
749
3079
-1
-1
-1
-1
7124
8652
-1
3696
-1
-1
-1
-1
7240
2764
9296
-1
-1
6277
-1
-1
-1
-1
2419
-1
4089
3959
432
-1
5353
7174
1729
3199
-1
-1
4336
-1
-1
-1
8053
3859
-1
-1
-1
9354
3261
4501
4620
-1
-1
-1
692
6992
-1
1632
6280
-1
1730
5488
5758
-1
-1
-1
6424
3564
3537
-1
-1
-1
8715
3983
-1
9637
1430
7354
-1
6752
7312
9444
-1
9483
7046
4480
9752
-1
393
-1
3780
-1
4201
-1
-1
-1
-1
-1
8996
6579
9809
8181
4062
6372
1485
-1
5931
9687
3911
-1
7270
9058
9620
-1
9083
2471
-1
4061
-1
-1
1872
7029
9396
-1
-1
-1
-1
-1
725
1758
9792
7248
-1
-1
3512
-1
4367
-1
-1
481
-1
-1
-1
-1
-1
-1
-1
-1
-1
3385
9511
8676
-1
-1
524
3329
-1
1752
8060
-1
-1
9470
4852
-1
-1
-1
-1
-1
4603
5166
-1
-1
733
-1
-1
8704
3626
-1
772
4444
-1
-1
6132
5728
-1
2758
6694
-1
8576
-1
-1
8663
255
-1
2205
2173
4390
5563
-1
-1
-1
-1
-1
8307
168
9532
-1
9914
-1
-1
-1
-1
-1
3406
-1
-1
2148
4030
1722
-1
9353
-1
4962
718
-1
6300
-1
-1
-1
-1
5084
-1
-1
3028
4978
-1
4849
-1
4886
6302
-1
-1
8718
1426
-1
-1
-1
3089
4428
-1
1509
-1
-1
-1
9941
6262
-1
-1
2737
833
2666
-1
9372
-1
6733
348
-1
3336
-1
6924
9722
-1
1486
7987
4590
-1
7970
5553
1762
102
-1
-1
9452
2924
-1
3652
3312
2402
-1
5258
-1
823
6608
-1
8819
4359
3365
-1
7368
566
-1
4948
3933
1993
-1
-1
-1
1708
2442
7552
-1
2558
-1
-1
4252
-1
1886
6326
-1
3535
-1
-1
5650
6228
-1
5046
3075
7187
-1
8708
5139
-1
-1
-1
-1
-1
-1
-1
2586
652
3545
-1
6203
319
-1
-1
5071
8623
7781
-1
5524
2458
2395
9758
-1
3786
9155
-1
-1
9907
-1
-1
-1
-1
8310
-1
5863
-1
3837
4051
4797
-1
9885
-1
6753
-1
6542
-1
422
5328
5693
914
-1
4626
-1
3139
-1
7380
4448
4929
-1
-1
-1
5620
-1
-1
-1
374
-1
8087
3588
871
-1
-1
3161
6403
-1
-1
-1
6715
28
329
-1
-1
-1
5916
-1
-1
2868
2097
344
-1
3746
-1
-1
-1
7609
729
5079
8914
-1
5926
-1
-1
4565
1959
-1
-1
-1
3530
-1
-1
8020
-1
-1
-1
9630
760
-1
-1
-1
510
3052
9631
-1
-1
-1
8043
2792
-1
9860
-1
-1
12
-1
-1
1501
-1
-1
9887
-1
-1
2370
-1
2218
-1
-1
764
9557
1229
-1
48
7718
6896
8621
8793
5797
-1
-1
5428
4242
-1
7735
694
5756
-1
-1
-1
-1
8227
-1
3038
9837
9271
-1
-1
-1
4680
-1
6813
4899
5227
5448
5761
1053
-1
6220
5155
200
-1
-1
-1
-1
6274
-1
9486
-1
-1
-1
-1
3559
4466
-1
-1
-1
-1
-1
-1
8540
9562
-1
6023
5862
-1
-1
345
8177
9544
2199
1673
667
-1
-1
8735
-1
-1
-1
-1
9659
5598
-1
7651
-1
-1
1204
1098
4091
9775
7103
-1
-1
579
3543
-1
-1
-1
3734
-1
-1
1992
-1
-1
7010
-1
6936
3629
9733
-1
6581
8807
7858
8002
-1
-1
-1
6756
426
8117
-1
-1
-1
5684
5475
-1
2335
1412
-1
4323
-1
116
-1
6398
-1
-1
-1
-1
-1
544
6618
7096
-1
5494
276
6124
-1
1969
7464
691
-1
-1
2629
9402
7783
489
-1
-1
4271
1534
-1
-1
1478
-1
4455
4272
-1
8046
4222
-1
8355
8341
-1
-1
-1
-1
4283
8563
184
4157
6814
-1
3355
-1
-1
-1
-1
8034
1724
-1
5748
9909
-1
-1
-1
-1
62
494
-1
2434
1072
9516
1296
6977
310
7423
1376
7068
-1
-1
2651
-1
-1
8771
1841
-1
-1
-1
4080
7331
-1
-1
-1
5707
-1
3994
-1
-1
-1
-1
-1
-1
-1
-1
-1
8141
8539
1347
5969
-1
8166
-1
-1
-1
4725
6254
-1
-1
3740
-1
3223
-1
-1
6071
-1
1487
1574
-1
5622
-1
-1
7197
-1
6578
-1
-1
521
2168
7606
7569
-1
-1
-1
-1
-1
520
-1
-1
-1
-1
-1
-1
8744
6760
-1
-1
-1
7056
-1
-1
-1
-1
6785
4668
-1
-1
479
3037
-1
-1
2225
-1
3007
7201
-1
-1
6674
4996
-1
-1
-1
4380
3207
9437
-1
6037
3307
-1
474
-1
-1
-1
-1
-1
-1
5160
2654
-1
-1
-1
8487
2597
5599
2035
2355
-1
7969
929
9640
-1
-1
-1
638
-1
-1
-1
-1
-1
2216
3521
-1
-1
3721
-1
9095
-1
3642
-1
-1
2158
-1
8494
2827
3950
7860
-1
1694
9054
3883
-1
-1
8399
4334
9128
-1
-1
4207
-1
-1
-1
4555
480
14
1828
-1
3954
-1
5196
4939
8124
5244
-1
-1
1626
983
147
5632
9619
-1
5136
8182
-1
-1
3084
-1
6705
3232
7532
-1
-1
-1
-1
900
9029
9740
-1
596
6140
-1
475
-1
1128
9320
484
141
-1
-1
8809
-1
5349
1821
1611
-1
750
-1
-1
3804
2290
-1
-1
4279
-1
-1
-1
-1
2397
4944
9253
-1
6376
1697
4918
-1
3802
629
70
-1
5898
4930
-1
8321
1739
-1
701
-1
9645
-1
-1
4433
-1
-1
8875
7219
-1
-1
-1
-1
6012
-1
7144
4421
-1
-1
9001
5805
6435
1725
4040
8828
6548
-1
1372
1097
9303
2834
5539
9468
-1
-1
99
4353
7345
-1
6240
-1
9693
-1
6362
-1
-1
-1
3829
2789
-1
-1
-1
8063
4097
-1
-1
-1
2298
298
8686
5486
-1
-1
-1
8114
7893
3389
-1
714
1394
4547
-1
1492
-1
-1
6521
6534
-1
2366
-1
7014
2947
-1
-1
1330
2258
-1
202
-1
9705
8140
737
1208
8112
4492
-1
5216
-1
7298
4597
-1
-1
9125
-1
-1
-1
-1
6138
2094
-1
7833
6075
5474
1923
3604
-1
-1
7146
-1
-1
-1
7204
3287
1904
-1
-1
1161
-1
6823
5606
-1
-1
9520
9010
-1
4123
-1
-1
2817
-1
-1
-1
-1
2960
-1
-1
8763
-1
9345
-1
8922
-1
5766
-1
-1
42
-1
5899
3851
4700
-1
-1
-1
6596
994
9828
1451
9983
-1
2378
8903
-1
-1
5443
-1
-1
4670
-1
3817
-1
5746
-1
3048
-1
-1
5104
-1
5865
8821
7433
317
1930
5956
-1
-1
7680
4605
-1
-1
5607
-1
1797
-1
3875
3613
-1
-1
-1
1775
8188
-1
-1
6852
6620
-1
-1
-1
1427
8083
-1
-1
2729
-1
-1
1006
6779
-1
4134
1643
5073
-1
3524
-1
9656
4865
-1
-1
-1
-1
-1
5419
-1
5832
6327
1445
4452
4286
-1
3778
6194
4189
-1
6551
-1
-1
-1
5625
7183
-1
8818
3211
9921
-1
-1
-1
-1
5395
-1
7944
5813
-1
8479
-1
-1
3700
2930
5058
2447
-1
1983
-1
9261
2154
-1
-1
4087
6592
-1
5197
6042
-1
7165
8136
-1
2607
9137
-1
4398
-1
7652
-1
8041
-1
499
4567
-1
-1
4400
-1
8447
8673
-1
8457
7341
-1
-1
-1
-1
-1
-1
-1
-1
1972
5122
-1
7986
-1
-1
263
8712
-1
-1
7562
-1
-1
-1
-1
1393
6246
-1
3083
-1
-1
-1
-1
-1
-1
1603
-1
-1
-1
1816
-1
-1
-1
-1
-1
2054
-1
-1
6961
-1
4156
-1
1032
158
-1
1784
420
5864
-1
-1
-1
-1
8171
6224
-1
1311
-1
831
615
7834
8003
-1
4903
6768
9810
4383
-1
-1
8064
-1
-1
8940
-1
-1
3210
4086
-1
2606
2021
-1
4370
-1
-1
-1
-1
-1
3644
1004
5466
1111
-1
4515
9455
3354
-1
8814
-1
-1
4914
7104
-1
1441
8458
6703
4022
373
496
3243
3010
-1
-1
-1
4775
7340
-1
-1
-1
4350
8779
-1
664
9161
722
640
-1
-1
-1
-1
1481
1502
3025
-1
8277
7277
1233
844
-1
7520
9431
2577
-1
608
8760
-1
9652
-1
-1
-1
5120
7789
-1
-1
7819
8048
-1
-1
1543
2775
5459
3331
-1
6389
-1
9545
8057
8677
-1
-1
-1
-1
2663
-1
-1
-1
8015
4533
-1
-1
-1
-1
879
8305
-1
-1
222
6758
2938
-1
-1
1267
6330
-1
1045
1299
-1
-1
-1
5327
-1
5016
-1
-1
22
-1
9623
-1
-1
8829
-1
-1
-1
-1
-1
-1
2705
-1
7410
-1
8605
7635
617
-1
2257
8040
92
1662
9911
6799
6656
-1
6524
751
-1
-1
2685
564
5987
-1
-1
-1
-1
-1
2502
1532
697
3977
-1
7243
5313
5323
4234
-1
8869
-1
351
1423
-1
-1
-1
4456
3905
3268
771
6102
-1
-1
-1
2478
-1
5802
9756
1408
4094
-1
-1
-1
-1
-1
-1
-1
-1
1016
-1
83
-1
-1
2297
3308
-1
-1
7492
8356
6962
-1
7916
7280
8707
8054
546
8684
-1
7983
-1
3033
5980
1309
-1
6451
9559
2074
8146
8103
-1
6347
-1
5191
-1
-1
-1
-1
-1
1280
3356
-1
2912
391
-1
-1
7038
-1
-1
8505
8509
9420
2197
5334
3337
-1
5518
9939
-1
303
3425
7530
6831
-1
-1
-1
-1
8498
-1
-1
-1
9168
-1
7857
7897
6930
-1
1687
-1
-1
5143
7327
-1
-1
-1
-1
-1
-1
-1
1531
6830
-1
-1
6792
1862
-1
-1
-1
4923
9643
8067
4589
-1
7842
448
-1
-1
-1
-1
8858
-1
5696
6179
-1
9364
2126
-1
4816
-1
3997
7939
3398
1417
5801
-1
2438
3947
-1
-1
3214
1173
-1
-1
-1
-1
2699
9361
-1
-1
2722
-1
9852
5514
-1
-1
-1
4316
-1
-1
-1
-1
6916
9373
7625
5352
1804
-1
-1
1297
9275
6668
-1
-1
-1
-1
1103
4209
-1
-1
4609
-1
-1
-1
-1
-1
7059
8113
-1
-1
-1
2352
-1
4780
9948
567
-1
-1
-1
-1
-1
959
-1
5492
-1
5406
4462
-1
-1
-1
5145
-1
9509
-1
5264
1879
-1
-1
9513
-1
-1
-1
1388
-1
-1
-1
161
4432
-1
-1
1292
7362
-1
-1
-1
3723
2517
9425
8011
7048
1948
-1
-1
-1
-1
707
9189
1881
1615
3063
3498
-1
3289
7044
9317
6338
-1
-1
-1
9099
-1
8958
1043
2498
411
4862
8384
8942
5074
1238
-1
8713
-1
3458
-1
-1
-1
777
210
-1
-1
2095
-1
5270
-1
-1
-1
561
-1
6844
-1
-1
4190
-1
-1
-1
-1
2172
-1
8872
898
-1
6834
3478
9675
-1
-1
-1
-1
-1
-1
-1
3036
-1
8747
5749
4714
2195
-1
-1
-1
-1
-1
775
-1
-1
-1
2860
6698
-1
6282
-1
2572
-1
-1
9218
4
8524
-1
-1
7703
1415
-1
-1
4460
1383
-1
-1
-1
-1
-1
9337
3928
1254
-1
-1
7063
3630
543
-1
-1
1945
5505
4706
-1
-1
4126
2110
9351
6933
-1
4423
8200
8806
8414
-1
-1
-1
8336
-1
-1
4112
2251
8209
-1
-1
-1
-1
-1
6063
-1
2509
-1
5962
7169
-1
-1
1082
-1
-1
654
-1
-1
-1
-1
6987
1249
5293
7424
-1
8028
4607
-1
-1
-1
-1
-1
8299
-1
44
-1
7641
5568
2421
-1
-1
6241
7798
-1
-1
5990
9064
7637
-1
-1
1
7698
-1
8300
-1
-1
3404
-1
-1
7223
-1
5936
6025
-1
6086
6130
-1
-1
8714
-1
1397
9655
6983
-1
-1
-1
-1
8351
4667
9123
-1
9279
-1
9845
-1
6604
887
-1
-1
4837
1425
9669
-1
3709
-1
-1
-1
6222
51
8474
903
9725
-1
-1
3229
9390
2289
-1
-1
-1
8879
1951
-1
-1
180
4878
-1
3843
4633
9436
8365
-1
-1
8205
-1
558
-1
-1
7539
6512
4341
8812
5515
-1
1293
2616
9342
-1
3064
-1
755
-1
573
4195
-1
-1
-1
-1
-1
9112
-1
3068
-1
-1
4468
-1
-1
9745
-1
-1
6356
-1
-1
-1
-1
9642
356
-1
9772
9883
3572
-1
-1
-1
5961
-1
8518
-1
1450
-1
-1
5252
2659
6005
3945
-1
-1
-1
-1
2208
-1
-1
3791
-1
6056
-1
-1
7440
-1
-1
-1
7556
953
5181
4053
-1
-1
-1
-1
5904
3781
6601
-1
7483
8826
3533
8029
1152
6007
5000
4934
3252
-1
8
-1
-1
7770
1112
1860
2424
6101
-1
5970
1237
6080
6273
-1
-1
1209
-1
-1
3702
-1
-1
7938
-1
4926
7738
7207
-1
-1
1213
4666
-1
529
3332
307
5716
5740
5277
2044
-1
1845
-1
-1
-1
-1
-1
-1
-1
8795
8473
359
-1
-1
9393
-1
1279
-1
3266
-1
-1
-1
1146
-1
5107
-1
8743
-1
8116
-1
-1
-1
9737
2480
-1
8501
-1
2379
8069
-1
358
8372
8123
6032
-1
-1
3990
7370
-1
-1
-1
2696
-1
-1
9597
-1
-1
-1
3178
7960
-1
-1
-1
2038
1926
-1
8489
-1
-1
2227
1759
-1
6927
-1
-1
-1
-1
5057
5119
-1
75
-1
3707
-1
6788
7823
-1
4935
5354
-1
1901
-1
7702
3666
-1
-1
6260
-1
-1
-1
4417
-1
9287
616
3141
8871
9974
769
-1
-1
3002
8271
-1
2365
1061
-1
4139
4690
-1
7898
-1
-1
-1
-1
7418
-1
-1
-1
-1
-1
3658
7894
8798
1240
-1
-1
4518
-1
5051
-1
4197
-1
-1
2741
-1
-1
-1
9581
-1
5981
1863
-1
4003
3504
-1
-1
-1
-1
9831
-1
7151
-1
7640
7611
9018
8074
3399
-1
4296
1646
-1
-1
6691
846
-1
4969
2875
8079
9732
7613
-1
7574
-1
5705
2033
944
-1
-1
-1
3749
-1
-1
-1
-1
-1
-1
530
9065
-1
-1
-1
6511
9030
-1
-1
-1
-1
-1
8698
6084
6554
1444
-1
425
5116
1126
6968
-1
-1
9802
4069
-1
-1
-1
-1
1556
5087
-1
-1
7323
-1
-1
-1
-1
-1
-1
-1
8717
3632
6835
-1
4925
9614
-1
-1
3598
-1
-1
2422
-1
6746
2255
-1
-1
5078
-1
-1
-1
8738
-1
-1
555
-1
-1
-1
-1
4750
6986
3668
6058
1922
-1
-1
-1
-1
5634
8157
5762
2674
1664
1262
5901
825
9517
1059
286
-1
4586
-1
-1
-1
-1
5870
-1
7816
-1
9041
6420
-1
-1
5267
-1
1200
9430
7679
8633
4924
3032
-1
6997
7913
-1
2867
-1
43
-1
5597
7237
-1
1869
1623
-1
8214
5387
-1
5734
-1
6223
-1
-1
-1
1475
-1
-1
8619
-1
-1
5473
-1
3554
-1
-1
-1
-1
7427
-1
-1
8974
886
6257
2774
2739
1550
-1
-1
-1
-1
2727
-1
4749
-1
-1
-1
262
3452
-1
-1
-1
-1
-1
-1
-1
9167
459
9164
-1
-1
9787
1011
8096
-1
8627
-1
-1
6175
-1
7082
8571
414
-1
-1
7282
-1
1250
-1
-1
9766
8187
9718
9344
-1
8370
-1
-1
6645
-1
5560
-1
-1
-1
8287
-1
-1
-1
1757
-1
971
1771
-1
9264
3973
-1
803
1999
-1
2778
-1
8352
7545
-1
-1
-1
8788
4193
-1
-1
4147
-1
6320
-1
-1
7136
-1
-1
-1
-1
7443
834
-1
-1
251
-1
672
9686
-1
-1
-1
-1
3151
-1
-1
7508
-1
2202
-1
-1
3351
2515
-1
-1
9826
-1
-1
-1
4438
852
2847
5281
-1
9380
-1
-1
-1
-1
-1
8461
-1
-1
-1
-1
-1
4075
4916
-1
7847
-1
371
-1
3993
4543
6526
-1
-1
-1
-1
-1
2556
4008
-1
-1
-1
-1
7085
-1
-1
-1
3603
3561
-1
5815
-1
-1
756
765
-1
-1
-1
-1
4953
-1
6825
-1
7859
-1
-1
-1
5035
-1
4247
7162
8651
-1
6014
-1
-1
-1
-1
149
-1
-1
6110
-1
3297
-1
5310
6319
-1
-1
8445
9094
-1
2598
-1
-1
-1
7182
-1
-1
-1
-1
-1
-1
4933
-1
5183
3029
2169
-1
5569
8451
2538
-1
-1
-1
6803
8084
-1
7991
646
4766
8361
3134
7408
-1
3515
9692
1214
2278
-1
4082
4198
-1
8388
-1
2299
1402
-1
-1
-1
-1
5002
-1
-1
-1
9748
9407
1366
-1
-1
7628
-1
8407
-1
7180
-1
9000
-1
3456
-1
5176
-1
8513
-1
6891
-1
-1
-1
5378
-1
-1
6505
1477
8148
-1
7372
1157
-1
9257
3743
-1
2383
873
3303
9385
-1
-1
-1
-1
-1
5947
-1
-1
-1
-1
-1
-1
-1
7934
-1
-1
-1
-1
-1
-1
8206
1601
2761
5827
9321
-1
-1
8645
5833
-1
-1
-1
9449
2262
9159
3569
-1
-1
380
-1
5430
902
-1
-1
4583
2565
-1
5322
-1
-1
-1
-1
-1
4631
-1
-1
7494
4869
-1
-1
-1
7639
-1
9959
1093
4654
-1
4736
3614
-1
-1
3205
-1
-1
801
-1
9052
-1
9612
522
2000
2201
-1
-1
1702
-1
5821
5971
-1
6773
-1
-1
6092
-1
675
1913
-1
-1
-1
5619
3270
2804
9786
2141
3339
-1
-1
6055
4078
-1
2341
-1
-1
2970
-1
-1
4005
9803
-1
-1
-1
4910
-1
6230
8870
-1
2872
-1
-1
-1
-1
7627
-1
-1
-1
-1
-1
8777
-1
-1
-1
-1
-1
6408
9604
-1
-1
-1
-1
-1
8617
-1
7932
2776
95
6242
-1
975
-1
5360
8754
9622
-1
-1
7748
-1
2489
-1
-1
-1
-1
-1
5082
-1
912
8068
3116
3775
7817
4995
-1
2077
4677
-1
5855
-1
1494
540
8910
1278
-1
4435
-1
7322
6046
-1
-1
2345
-1
-1
-1
5289
-1
-1
3014
-1
-1
-1
-1
-1
4241
-1
-1
-1
7940
-1
-1
3400
-1
6019
-1
8586
7153
9585
-1
-1
-1
-1
-1
-1
-1
5300
-1
-1
138
-1
4506
5600
-1
-1
-1
213
3930
2888
-1
-1
2709
-1
281
-1
4733
-1
8480
-1
6035
8962
-1
9289
5247
2998
7955
3163
3239
-1
-1
-1
3429
-1
-1
-1
3175
9696
-1
-1
9368
-1
-1
3660
-1
6180
-1
-1
-1
770
-1
4046
9118
-1
-1
-1
8877
-1
-1
7883
-1
-1
-1
-1
-1
-1
6609
2967
-1
-1
-1
5388
2241
6181
7167
3566
6218
-1
-1
-1
-1
8844
9032
5941
9039
7683
-1
-1
2531
-1
-1
-1
-1
2152
-1
504
9583
-1
7291
-1
1052
-1
-1
-1
3693
8641
-1
1818
-1
-1
4945
-1
2174
5671
2280
-1
6290
761
383
-1
-1
8357
7838
5362
6234
-1
6171
743
389
-1
187
-1
-1
236
2671
1076
368
4111
8249
7007
-1
-1
-1
-1
1518
-1
-1
2518
-1
-1
6067
-1
9233
253
-1
9196
-1
8557
-1
1657
-1
-1
3154
8284
-1
2188
-1
3442
2626
4258
-1
-1
-1
288
-1
-1
2318
-1
9929
-1
6932
-1
-1
5977
4534
-1
-1
-1
-1
-1
8224
-1
-1
-1
-1
6576
341
594
4295
7405
1938
2845
-1
-1
6660
-1
4665
-1
4912
6856
2348
6642
3019
-1
5100
-1
-1
-1
-1
-1
-1
-1
-1
-1
3717
-1
-1
112
2521
9382
3813
7245
8908
-1
3967
3379
-1
8037
-1
-1
8398
7821
4802
-1
-1
660
-1
-1
2921
7807
6616
1770
6072
-1
3285
107
-1
-1
4160
-1
5562
6044
-1
-1
5308
2153
2648
3670
6774
-1
-1
-1
5578
-1
-1
894
5450
1336
-1
-1
-1
-1
-1
4735
-1
2309
-1
5485
4523
6149
9815
-1
-1
8158
9931
-1
6496
4815
4263
-1
-1
7293
-1
6527
-1
2441
-1
6344
1971
6363
-1
3541
7047
-1
-1
-1
-1
-1
-1
-1
6099
3854
6414
-1
-1
-1
-1
7320
4773
-1
7451
-1
-1
-1
9249
5579
6872
-1
-1
8741
5410
-1
865
9481
-1
7196
-1
-1
-1
4355
-1
-1
-1
-1
2650
8845
-1
-1
-1
6328
5825
5536
455
4792
7990
5506
9555
7294
-1
-1
-1
-1
-1
-1
3078
2922
1407
-1
-1
9720
9600
3171
-1
-1
1205
-1
1670
-1
9143
-1
8751
7832
2400
-1
5992
-1
2157
-1
-1
5689
-1
-1
60
-1
-1
-1
-1
-1
-1
8516
-1
-1
715
-1
3673
9369
-1
9540
2573
2514
8525
-1
1600
8783
5089
2599
-1
4496
-1
-1
6807
-1
1346
8456
-1
8817
6380
4836
853
2162
-1
-1
-1
-1
18
-1
-1
6999
7234
-1
-1
-1
5366
-1
5128
-1
-1
1880
-1
-1
4217
-1
-1
-1
1608
-1
4244
-1
-1
-1
9415
-1
-1
-1
7416
-1
-1
1389
-1
4673
-1
-1
4805
-1
6976
-1
-1
-1
7251
-1
3309
-1
-1
5513
-1
-1
1285
8272
7755
-1
-1
-1
-1
-1
-1
-1
8503
-1
-1
-1
8570
-1
3280
-1
9879
9435
-1
4599
5131
-1
-1
-1
-1
-1
-1
6411
7230
614
-1
-1
-1
-1
5190
-1
-1
-1
-1
7065
9843
5093
-1
6308
-1
1849
1801
-1
5085
9769
5149
2703
-1
-1
-1
-1
816
2590
7696
-1
2503
79
-1
-1
155
511
-1
8175
-1
3039
3341
-1
-1
3251
6734
4979
4161
-1
-1
-1
1063
-1
-1
-1
-1
502
2329
-1
6731
423
-1
8753
-1
1985
-1
-1
-1
3523
-1
5764
3903
3367
-1
5123
-1
-1
-1
-1
4621
408
7780
-1
7199
-1
2609
7498
1482
6036
8956
4625
-1
-1
-1
1479
-1
-1
-1
-1
-1
3482
3111
2501
-1
-1
-1
-1
-1
4529
5991
7247
-1
9326
-1
935
-1
442
-1
9558
-1
7122
8580
7691
9081
-1
3536
-1
1522
-1
-1
5685
7384
-1
-1
-1
-1
-1
-1
-1
2075
-1
-1
5250
355
8127
-1
-1
-1
-1
4550
5699
4414
-1
-1
9188
-1
-1
8008
-1
8719
-1
9880
5471
-1
-1
-1
5359
8916
1963
-1
3174
6259
-1
7873
-1
1997
-1
106
-1
485
6901
1064
8404
5561
-1
-1
-1
648
3573
-1
-1
-1
-1
-1
-1
1056
-1
-1
-1
7947
-1
-1
-1
-1
-1
-1
-1
8827
1825
7400
6030
-1
6184
3762
2887
-1
4070
2931
1546
9056
-1
243
2431
5665
-1
-1
-1
54
6681
8887
-1
9863
-1
-1
-1
-1
-1
-1
-1
-1
7869
-1
3148
4429
-1
4096
-1
-1
2372
-1
9871
-1
-1
9617
-1
6213
5088
-1
-1
1235
8172
-1
3366
4703
-1
-1
-1
3798
-1
7557
-1
5635
5421
-1
2574
-1
-1
3685
7349
2491
-1
1308
1228
3551
-1
-1
-1
-1
-1
-1
507
4162
-1
8378
3119
-1
2873
-1
-1
-1
4776
7831
-1
3915
-1
-1
5834
-1
7262
-1
-1
-1
-1
-1
-1
-1
-1
-1
1912
-1
1273
-1
-1
-1
9323
209
-1
4842
3952
7411
-1
4562
-1
4042
-1
8413
5910
-1
-1
-1
1498
6285
5403
-1
-1
-1
-1
-1
-1
8368
-1
5668
-1
-1
6426
-1
6432
9331
7901
5309
4827
3894
-1
-1
6303
-1
-1
6676
-1
8450
7271
-1
2647
-1
-1
-1
-1
-1
-1
8992
-1
8312
-1
-1
-1
-1
3129
417
-1
-1
-1
-1
7582
-1
6781
-1
-1
-1
1562
5814
-1
-1
7518
3132
-1
-1
9424
-1
-1
-1
-1
6990
-1
-1
8179
8076
-1
-1
9626
2082
2791
-1
-1
3788
6769
-1
-1
287
-1
-1
2056
1300
3555
-1
-1
-1
8273
9751
-1
2464
4342
-1
9685
730
1168
8174
-1
2952
-1
-1
-1
-1
-1
969
-1
9224
-1
3936
-1
6122
2079
-1
9882
1658
4072
2029
1493
5231
-1
-1
-1
-1
-1
7581
6748
1859
3109
-1
-1
-1
1466
-1
-1
7813
-1
-1
-1
1008
6057
2564
2376
3801
-1
-1
-1
-1
1810
3590
8776
6314
-1
8023
-1
-1
-1
-1
-1
-1
-1
9876
-1
5109
514
-1
8167
-1
8425
2222
8256
-1
1551
-1
-1
-1
-1
-1
2506
-1
734
-1
3314
7222
7080
-1
-1
9003
-1
-1
4422
-1
-1
4851
-1
6772
3396
727
-1
-1
680
264
3269
-1
2713
-1
-1
3858
-1
-1
8911
-1
7335
-1
-1
1588
-1
5842
2820
-1
2324
-1
8429
398
6522
-1
7116
7967
-1
-1
-1
-1
3526
3247
-1
3823
2031
-1
-1
-1
-1
1490
7208
9541
3575
6721
-1
8507
6270
8021
8968
2619
-1
-1
1968
1275
4999
-1
1191
-1
-1
-1
-1
1387
-1
1987
2842
-1
4025
-1
4388
1778
-1
2660
3138
7086
-1
7156
7235
-1
-1
-1
-1
-1
-1
850
4385
-1
-1
1115
773
-1
321
9335
-1
8235
-1
3873
-1
-1
-1
4346
-1
2393
4813
7674
8490
-1
-1
1517
4716
-1
-1
3335
-1
76
1435
-1
5829
2043
-1
3678
3262
-1
5239
-1
-1
9932
-1
-1
5520
5296
-1
-1
6629
3825
-1
6487
-1
-1
-1
8199
8696
-1
5417
5856
-1
-1
2797
4269
-1
7051
-1
2406
4479
3942
-1
81
-1
1899
-1
-1
-1
-1
1568
-1
9043
-1
8185
6911
6611
-1
1385
1542
-1
4055
-1
-1
1195
6191
-1
-1
4928
1244
8324
-1
-1
8204
-1
5066
-1
-1
-1
3113
3771
3663
-1
-1
-1
1464
9884
-1
-1
940
-1
-1
-1
1044
-1
-1
7560
4824
-1
4649
4593
2170
4511
5502
8231
352
-1
4183
1236
8340
-1
7083
-1
-1
190
-1
-1
4814
6558
-1
-1
8102
-1
3393
-1
9846
-1
-1
-1
1460
-1
-1
-1
8093
-1
5937
-1
-1
7542
5720
-1
6508
49
2092
-1
7428
-1
3908
-1
2617
-1
-1
2700
6517
2091
-1
3896
-1
-1
-1
-1
-1
6272
8635
569
4431
-1
3499
4314
741
-1
-1
-1
-1
-1
5221
-1
-1
-1
-1
4145
-1
-1
-1
5187
3953
-1
-1
-1
129
9924
-1
-1
-1
8700
5914
-1
9936
4726
4063
1887
-1
-1
9066
4166
4856
6525
-1
7994
6905
-1
2238
4168
1457
1785
2532
-1
7482
790
-1
-1
1637
6103
-1
5311
8476
5629
-1
9022
6582
8675
9678
-1
4150
-1
8339
-1
-1
-1
-1
2460
607
1953
6024
-1
-1
9269
-1
9510
4155
-1
-1
-1
-1
2956
-1
-1
-1
-1
-1
-1
-1
-1
-1
-1
-1
5874
8637
-1
1552
-1
-1
9410
1272
2076
-1
8881
-1
-1
7265
-1
-1
-1
655
-1
8999
-1
9006
-1
9363
-1
635
6718
4109
9925
6429
-1
-1
6724
6745
3529
4721
3155
-1
-1
8767
8472
3388
-1
-1
223
-1
5676
5358
-1
1422
4115
-1
8424
-1
6633
-1
-1
6885
-1
3203
-1
5142
-1
-1
-1
-1
-1
7409
-1
827
2139
8965
-1
5894
-1
8285
-1
-1
-1
-1
-1
7621
-1
-1
-1
5534
6499
9394
-1
84
-1
9204
-1
7097
2356
-1
8120
-1
-1
8468
6390
-1
3688
2511
-1
2182
5121
-1
2310
-1
-1
-1
8612
1638
4305
4693
-1
-1
-1
-1
7961
-1
-1
-1
3086
-1
3686
9591
9530
2814
5064
6385
9117
-1
-1
-1
9840
4671
-1
-1
-1
-1
-1
4527
-1
-1
5929
4713
-1
706
7827
3834
1455
-1
174
-1
9721
8618
-1
-1
2120
-1
3279
468
-1
-1
7953
-1
7837
-1
2351
-1
7157
-1
-1
-1
-1
-1
2899
2749
-1
-1
-1
-1
2435
-1
-1
9525
-1
8412
-1
-1
2810
9543
-1
6074
-1
8386
-1
-1
-1
-1
7547
3222
3159
-1
1505
-1
-1
-1
-1
-1
618
452
7972
3438
-1
-1
-1
-1
-1
-1
-1
-1
3004
1666
5594
-1
6301
-1
-1
-1
-1
6482
-1
814
4401
-1
-1
-1
-1
1918
-1
532
4966
-1
-1
2186
-1
-1
-1
7579
3485
-1
3462
4335
7205
3453
9386
-1
-1
-1
-1
4135
-1
-1
5954
5649
3505
8154
-1
637
-1
3880
-1
-1
-1
732
1513
-1
-1
3863
9672
5564
6819
478
1432
6252
5163
5680
-1
2658
-1
3316
4613
5592
-1
-1
-1
-1
4882
1836
-1
7049
-1
-1
-1
-1
6145
-1
6113
1844
-1
-1
-1
3665
-1
4702
3323
-1
7
8954
1456
-1
-1
5700
-1
-1
3955
1360
4743
7892
-1
-1
7930
-1
-1
-1
-1
-1
5376
-1
-1
-1
206
-1
1418
-1
645
1808
-1
260
6437
7524
-1
-1
8465
-1
3051
3100
-1
-1
-1
-1
9241
9963
-1
9013
-1
-1
-1
3402
1629
-1
7383
6794
-1
-1
-1
6623
1525
-1
-1
4369
-1
-1
9670
-1
-1
9915
6494
-1
-1
-1
3868
233
-1
8410
47
3979
1716
9747
-1
-1
8950
9183
8588
-1
8426
5791
267
-1
9607
8934
-1
-1
-1
-1
4615
-1
-1
5792
3306
-1
-1
9093
6665
-1
927
622
-1
-1
-1
-1
899
-1
9268
-1
-1
-1
9575
-1
-1
5593
-1
5052
1877
-1
-1
3827
-1
9712
-1
4451
-1
4541
-1
3725
-1
-1
-1
-1
-1
-1
-1
-1
1882
-1
-1
-1
4140
-1
9384
-1
3375
-1
-1
2937
4841
5590
-1
9778
4577
1373
-1
1070
387
7152
-1
8994
1814
8229
-1
-1
-1
5330
-1
-1
3328
906
-1
-1
538
-1
-1
-1
4130
5022
2452
-1
4770
-1
1790
-1
9691
-1
5420
-1
-1
2570
-1
-1
1647
-1
4643
2459
2721
-1
-1
-1
-1
-1
7536
7431
-1
-1
-1
-1
6374
6297
308
-1
-1
-1
-1
-1
-1
668
4785
9524
-1
-1
-1
3195
-1
2184
-1
6448
2513
3592
-1
-1
-1
6156
-1
-1
-1
7743
6088
-1
-1
-1
2728
-1
3026
-1
-1
-1
-1
8963
-1
1940
-1
-1
7596
-1
2682
-1
3870
-1
-1
-1
-1
7889
-1
-1
7303
-1
-1
695
5846
6662
-1
327
2806
6816
4249
4963
3465
-1
-1
3191
-1
7977
-1
5807
-1
3941
-1
4146
9074
-1
7274
-1
9012
-1
-1
-1
-1
6051
2877
1800
9294
941
-1
-1
1414
-1
-1
2645
-1
4781
-1
8082
9646
-1
-1
916
7874
-1
-1
-1
8930
2828
-1
-1
-1
-1
-1
2848
753
2466
2527
-1
-1
-1
7389
-1
5837
-1
-1
-1
-1
-1
1875
-1
-1
-1
5955
2754
1351
2762
-1
9348
5024
661
826
-1
8223
-1
-1
-1
2736
4454
-1
-1
5161
1589
9847
7127
-1
6296
3803
-1
7850
-1
4302
-1
313
5609
2276
6937
1630
6367
5275
4853
-1
-1
-1
-1
-1
-1
-1
-1
-1
-1
3697
1691
1748
6160
8013
1856
8836
8522
8264
-1
7252
778
-1
6906
8973
-1
-1
8833
9217
7803
-1
5489
4595
9986
3615
-1
-1
1140
535
-1
6915
-1
7490
-1
6366
-1
9965
-1
-1
-1
-1
7458
-1
595
-1
5902
1827
-1
4711
8536
3909
6513
139
8861
977
-1
9857
6969
3408
-1
-1
7888
9124
5440
-1
10
1138
3474
-1
-1
-1
4833
5287
-1
-1
-1
-1
5838
1079
-1
-1
7769
25
-1
-1
9808
-1
-1
-1
4505
6227
-1
9142
-1
922
-1
8252
-1
5784
-1
-1
6518
-1
963
-1
8855
943
1177
7003
5647
-1
1853
8401
-1
338
-1
9956
-1
-1
-1
-1
7996
4484
7699
-1
-1
-1
-1
2068
-1
4348
-1
-1
881
-1
5672
-1
-1
-1
-1
-1
-1
-1
9175
1167
5487
3102
6528
5572
2002
5636
-1
4424
-1
5678
9813
2632
-1
9379
-1
-1
-1
-1
-1
6866
4324
8049
4465
-1
8303
1075
4967
4724
-1
676
-1
-1
-1
9548
1696
6903
6646
1587
495
1335
7462
7920
-1
3071
71
7583
3440
2580
5891
-1
-1
-1
7745
9962
-1
3857
-1
-1
-1
-1
1284
864
-1
-1
-1
-1
-1
6996
-1
8441
-1
2233
-1
-1
3968
-1
-1
2894
6209
-1
-1
8679
-1
1324
-1
279
1469
4532
-1
-1
3115
-1
3744
5038
-1
-1
3249
-1
6541
-1
-1
1114
2968
-1
5674
364
7181
108
6553
-1
-1
-1
974
-1
9084
2738
4483
8640
-1
1304
836
4584
779
1684
-1
-1
-1
9192
6657
6475
6468
8097
-1
-1
9854
5706
-1
5558
-1
-1
-1
2818
9527
3914
3325
3005
9256
-1
4034
-1
-1
-1
-1
1013
-1
-1
5117
7283
-1
-1
1184
3130
-1
8933
593
2027
5061
-1
-1
8790
-1
-1
-1
2064
-1
-1
7095
-1
-1
9200
3698
986
972
6862
-1
2103
4325
-1
404
1955
-1
-1
-1
-1
-1
5076
-1
2428
577
3093
-1
-1
9418
6643
-1
1832
-1
6858
5097
-1
-1
1269
2332
-1
-1
-1
-1
8568
7811
-1
265
2485
-1
-1
2676
1217
-1
3852
1933
-1
-1
533
7573
-1
7914
-1
-1
235
-1
4838
9227
-1
2851
-1
-1
3
-1
-1
-1
-1
-1
7285
-1
-1
8800
4569
-1
-1
-1
217
-1
-1
8151
3926
2940
-1
3532
8867
-1
2354
9538
835
1358
-1
1265
9547
-1
-1
-1
2919
4475
2708
-1
-1
377
1062
1693
-1
570
8710
125
-1
-1
911
-1
-1
6755
8086
-1
6047
7009
8327
7797
4278
4191
-1
-1
-1
-1
1594
8878
-1
-1
2115
-1
-1
-1
4688
-1
9403
-1
817
5055
3127
2189
4674
-1
9942
4648
-1
1703
-1
-1
-1
5774
-1
-1
-1
-1
3221
-1
-1
-1
2618
-1
-1
-1
-1
-1
1122
-1
7571
-1
-1
-1
4684
-1
3494
-1
6738
2823
-1
-1
-1
3500
-1
8912
-1
5522
6131
-1
103
-1
-1
6940
-1
4777
-1
-1
-1
1681
-1
-1
2456
5789
-1
9255
9664
-1
-1
4304
-1
-1
5113
3286
-1
4215
-1
-1
5933
-1
-1
-1
3542
-1
5577
199
-1
-1
6850
592
-1
5386
9488
-1
-1
767
4591
-1
2553
-1
991
-1
-1
-1
-1
8348
-1
2006
3472
8262
4497
-1
2526
-1
3897
-1
-1
-1
6108
-1
9812
-1
8561
1105
5576
1198
506
716
-1
6900
8104
-1
3747
-1
7846
5243
-1
-1
-1
2994
1675
-1
-1
8058
6415
5004
-1
-1
-1
-1
-1
4915
-1
-1
-1
5385
9228
4580
-1
-1
-1
7605
-1
9873
6010
-1
2315
6740
-1
-1
6725
-1
-1
-1
-1
3315
-1
8596
-1
5584
4321
-1
681
-1
7466
5026
9563
-1
6237
-1
-1
370
1306
-1
1680
2013
-1
1718
-1
-1
-1
-1
-1
-1
-1
8360
-1
-1
601
7006
2563
2161
6690
-1
5261
8919
-1
-1
2350
8510
7689
-1
7535
1215
-1
4656
152
2166
9068
4551
-1
2493
-1
4376
-1
397
8849
-1
-1
-1
-1
2841
8632
-1
-1
-1
-1
-1
4981
-1
3180
-1
-1
5702
-1
-1
9274
-1
-1
-1
1592
3236
-1
8437
-1
-1
-1
-1
2811
8433
-1
-1
6028
4019
1524
-1
4419
-1
-1
-1
-1
1192
8471
-1
-1
576
6887
3342
-1
5
5511
-1
-1
-1
-1
9443
3640
-1
-1
-1
-1
6275
2253
185
6988
-1
6439
858
7477
-1
2661
2179
960
5643
5027
271
-1
-1
7917
1924
-1
7078
6529
-1
4393
-1
1322
-1
-1
-1
3326
9534
-1
-1
-1
-1
-1
-1
1773
4349
-1
-1
3027
6360
-1
3224
-1
-1
9918
3471
-1
5835
-1
8198
-1
3414
-1
-1
-1
7584
-1
6995
8773
-1
-1
9734
5110
-1
9894
-1
4601
9266
1540
-1
6928
-1
7353
9971
-1
-1
-1
5404
4105
-1
4021
-1
-1
4990
7403
-1
2756
-1
-1
-1
-1
8683
-1
7000
-1
7419
8383
-1
-1
9950
-1
6920
5392
4281
3428
-1
5118
3531
3886
-1
4913
4327
9926
-1
2155
-1
-1
-1
8362
2669
-1
7512
-1
7753
-1
-1
-1
-1
7287
1791
-1
-1
-1
-1
-1
7488
8813
7158
7723
-1
-1
-1
-1
8853
7315
-1
3655
-1
-1
-1
-1
5195
7101
9194
3925
5171
7231
9588
-1
-1
1677
3294
284
3260
-1
-1
-1
-1
-1
-1
7540
9301
5589
3274
2712
-1
-1
-1
-1
-1
6336
6958
5317
-1
-1
-1
-1
-1
-1
7276
4951
-1
-1
9981
-1
5582
-1
8927
4298
-1
2340
-1
2443
4554
-1
5370
3226
-1
-1
2796
-1
-1
9105
-1
5315
-1
8088
789
4760
-1
-1
3949
2409
7112
-1
7260
6874
6015
-1
6006
4058
7054
1891
3358
-1
-1
-1
6210
-1
-1
4905
2436
2787
-1
-1
-1
-1
5640
-1
-1
-1
2390
7603
9293
9578
5374
7760
8366
8918
9075
-1
7434
-1
-1
3728
1046
-1
-1
9347
-1
-1
-1
5823
-1
1400
2554
2906
-1
1141
9251
-1
9116
-1
-1
1452
-1
-1
-1
5790
-1
-1
1835
9960
193
-1
9087
4517
-1
3000
-1
4618
2857
605
7670
7648
-1
1020
6701
7785
9869
-1
-1
4794
-1
2446
-1
-1
8491
299
1782
-1
3208
-1
-1
-1
-1
-1
2706
9987
-1
5146
-1
-1
4088
-1
-1
-1
24
-1
4277
-1
7299
-1
2504
-1
5159
8427
644
545
7407
3776
6955
949
-1
1711
-1
3871
7013
-1
-1
2294
-1
-1
-1
5697
2346
-1
3454
7005
985
-1
-1
895
-1
9248
-1
7001
-1
-1
6848
-1
-1
7216
-1
8786
4392
3012
-1
-1
5124
-1
-1
142
6431
9156
3732
-1
-1
1447
2240
1978
-1
3182
8739
7444
-1
3060
-1
-1
178
5780
-1
5049
-1
-1
-1
8662
-1
-1
-1
6841
-1
-1
8371
4820
8926
9589
-1
-1
-1
-1
9324
-1
5029
-1
-1
3677
-1
-1
-1
5537
-1
4729
-1
-1
4230
-1
-1
-1
-1
9784
9121
2683
1547
-1
4023
-1
4148
2793
-1
322
-1
-1
1133
-1
-1
3760
-1
-1
2602
-1
4623
-1
-1
4011
-1
-1
-1
-1
2568
7856
9464
1767
6488
-1
2150
-1
-1
-1
2849
-1
-1
-1
4437
-1
597
-1
1921
3135
-1
-1
6125
-1
-1
-1
-1
3796
965
-1
2976
4538
9577
9927
-1
-1
-1
3228
9892
7052
-1
2347
8469
2782
3578
6854
-1
5942
3209
3974
-1
-1
4742
-1
-1
2946
7026
7615
1721
3705
-1
-1
-1
3276
-1
-1
9170
-1
-1
-1
5067
-1
9332
3271
-1
-1
4204
-1
3846
8222
-1
-1
6382
-1
-1
-1
-1
1030
-1
-1
1683
8032
3610
2098
2453
2838
-1
-1
-1
6498
6786
933
8893
-1
-1
8841
9291
3059
-1
6393
9821
8761
-1
-1
5630
2407
-1
-1
461
1342
-1
575
3045
4513
9508
9572
-1
-1
204
-1
-1
2234
3263
4259
-1
-1
-1
-1
4732
3849
-1
7484
6321
2537
7163
6127
-1
1544
5729
-1
9487
-1
1779
1717
-1
-1
4571
-1
1331
2711
-1
1745
-1
1039
-1
-1
-1
2530
-1
6153
-1
8210
4811
6061
-1
290
8981
4568
-1
5627
-1
-1
-1
5184
5610
-1
8390
-1
8884
848
-1
-1
-1
7830
-1
-1
-1
1384
-1
-1
1483
-1
-1
3966
4167
-1
8863
-1
-1
6600
7845
2864
1842
4482
-1
7809
145
-1
4941
8091
9461
5211
671
-1
1839
-1
-1
2610
1734
-1
9076
4679
2770
-1
6229
6577
-1
-1
-1
483
-1
-1
6649
5020
-1
-1
5041
-1
-1
-1
-1
9182
6614
6742
3502
-1
2832
-1
-1
-1
1731
-1
6628
7016
8671
5905
2357
-1
8301
-1
8653
5490
-1
-1
-1
8905
-1
-1
-1
-1
-1
-1
4461
5381
9514
4308
-1
8417
6441
862
-1
-1
-1
-1
-1
-1
1247
-1
1089
6686
3011
-1
-1
3784
4407
-1
-1
1470
6506
633
7910
-1
8532
8729
3320
-1
5147
2496
4942
9895
9148
4873
-1
8564
-1
9533
-1
-1
5318
-1
5332
7787
8976
-1
9753
6931
-1
-1
7966
-1
1338
7351
-1
2036
7061
172
2427
2975
-1
9460
-1
2100
-1
9197
-1
-1
7926
2884
7493
516
-1
1349
1557
-1
-1
-1
-1
1617
8736
9729
9212
-1
5201
-1
7155
-1
-1
-1
-1
-1
7563
3789
-1
-1
-1
-1
-1
-1
-1
-1
-1
-1
3085
7253
2132
8259
-1
-1
4029
-1
-1
6678
1947
-1
-1
-1
-1
4009
-1
1772
-1
7559
3739
1491
8764
-1
5036
1583
-1
-1
-1
6128
4521
-1
642
-1
-1
-1
-1
445
3120
-1
947
-1
7350
-1
-1
5923
7215
3218
-1
-1
5574
6811
9595
9842
-1
-1
-1
1516
242
3805
8092
8575
-1
-1
-1
-1
6749
4036
2104
6559
1261
-1
8620
-1
3681
1755
-1
6974
8759
-1
6016
1973
-1
-1
273
4214
9343
-1
8338
3317
3284
-1
2277
9886
-1
-1
6283
8789
5652
9025
8725
-1
4636
7497
9258
-1
-1
-1
8191
-1
-1
3056
-1
-1
-1
-1
9761
6471
-1
-1
7719
9061
-1
4564
-1
7030
-1
1893
-1
-1
-1
-1
-1
-1
1627
3311
9219
9546
3217
7849
2274
3013
7979
-1
-1
1390
859
3434
3190
2596
-1
-1
-1
-1
6480
-1
-1
-1
7020
-1
-1
6304
6329
-1
-1
-1
-1
-1
-1
3162
-1
-1
8931
-1
6461
-1
-1
-1
-1
822
-1
1170
-1
-1
-1
8275
5461
-1
5091
-1
-1
-1
8797
-1
-1
-1
8554
1865
7715
-1
-1
-1
-1
8949
5911
-1
8485
-1
-1
-1
4227
6561
2207
-1
438
-1
-1
-1
-1
9703
2634
-1
8439
1733
5202
-1
5912
-1
-1
-1
143
-1
2732
-1
1317
7682
5978
-1
-1
3363
-1
9982
-1
-1
6198
3448
-1
5345
-1
-1
8758
-1
-1
-1
1674
-1
-1
5210
4748
-1
-1
-1
-1
-1
3065
5215
-1
-1
-1
-1
1197
8027
-1
7072
-1
1211
-1
4890
1175
9904
5483
1884
-1
7924
3166
-1
2473
-1
-1
-1
4239
526
5470
-1
589
8907
-1
4722
1303
-1
-1
7534
-1
1713
3661
7950
2879
5223
6547
9930
-1
-1
982
-1
-1
-1
-1
-1
-1
1453
2801
1201
5209
4276
-1
6644
-1
-1
392
-1
-1
1986
-1
2935
-1
-1
4959
938
-1
-1
-1
-1
-1
-1
-1
-1
-1
-1
-1
-1
-1
5368
-1
1362
-1
1888
-1
-1
-1
-1
3605
2018
8613
1837
-1
-1
-1
-1
9485
838
4676
4018
-1
7503
2015
8168
4059
-1
508
8065
-1
-1
-1
6082
8960
9603
8052
4143
-1
7814
763
-1
-1
3073
3970
-1
-1
-1
-1
-1
-1
-1
6624
2993
-1
-1
7036
117
5246
2621
-1
6712
6882
9521
9976
-1
5464
-1
2643
-1
-1
-1
-1
-1
9560
-1
-1
-1
8860
4558
1135
-1
1446
3628
0
6938
6289
5883
9471
3882
4248
9992
8669
2412
6472
5305
6059
-1
-1
8207
5951
3172
9078
8757
3334
9149
-1
-1
244
-1
-1
-1
9877
860
4980
4181
-1
7742
-1
5603
-1
1760
-1
-1
-1
7019
2950
4418
-1
9957
-1
-1
-1
2401
4343
9027
4310
-1
-1
-1
967
8904
-1
-1
-1
-1
-1
6348
9234
5945
6357
-1
5836
97
-1
-1
-1
7387
124
931
-1
-1
-1
3576
2653
-1
3731
9657
-1
6950
-1
-1
-1
8581
9371
89
-1
8733
6941
9798
9349
2273
3736
-1
-1
-1
5648
-1
3481
-1
4821
-1
-1
-1
-1
-1
9498
-1
8574
820
5188
-1
7784
3877
-1
-1
-1
2058
-1
8865
2109
-1
-1
-1
1965
-1
-1
-1
-1
-1
5098
-1
-1
-1
-1
2004
3934
2767
-1
-1
-1
6238
-1
-1
225
110
830
-1
9146
-1
-1
1633
1974
7711
-1
-1
9057
2295
3145
-1
-1
-1
6466
8316
-1
5302
-1
-1
5628
4378
-1
2223
261
8039
1302
-1
-1
3275
-1
9900
-1
4352
3782
-1
-1
-1
-1
7965
1660
-1
6433
-1
4196
4798
5273
-1
-1
4057
-1
-1
-1
8603
3637
-1
-1
-1
5152
8523
5943
-1
-1
1222
-1
-1
-1
2231
5677
8602
-1
-1
-1
5245
9902
8156
-1
-1
1549
4829
-1
6174
2733
-1
-1
2497
1010
4412
-1
3986
-1
-1
-1
-1
952
758
63
-1
5769
-1
-1
-1
6857
-1
-1
-1
9457
-1
4525
-1
-1
-1
5165
9891
-1
1805
105
9529
8282
-1
-1
3807
-1
-1
2637
4614
5867
-1
278
624
-1
9391
3556
-1
590
-1
7366
6141
-1
9780
-1
7514
-1
-1
978
4413
1909
-1
1375
-1
-1
-1
-1
8816
212
1356
-1
-1
-1
6027
7714
-1
3392
9226
2323
1404
-1
-1
-1
3631
-1
-1
394
-1
8843
3869
867
-1
-1
-1
4612
-1
-1
2904
80
-1
5401
-1
1106
3374
1142
-1
-1
218
5964
-1
-1
-1
8906
-1
-1
2361
7228
-1
-1
893
7429
-1
8685
-1
-1
7521
9389
-1
9387
5491
4763
6842
-1
3510
-1
-1
7928
-1
8466
7638
-1
-1
-1
1438
774
7173
7740
-1
568
35
4634
-1
9416
6212
7871
-1
-1
-1
-1
-1
1595
-1
-1
-1
9360
-1
-1
9922
1581
-1
4236
1395
6780
4848
2210
-1
3511
4740
9667
-1
-1
1077
3609
4582
-1
-1
5391
8392
-1
257
5757
74
5847
6735
6594
4185
1786
-1
2081
1057
-1
-1
1503
4453
9505
9602
-1
8311
3158
7872
5540
-1
1315
463
-1
-1
-1
5206
3204
8481
1732
-1
-1
6306
6263
5348
8961
-1
9952
-1
4027
-1
-1
2701
6777
-1
-1
4102
-1
-1
5229
9567
-1
-1
-1
849
7426
-1
2613
-1
-1
-1
-1
-1
311
-1
4828
-1
-1
5101
-1
6648
7111
-1
8295
1022
-1
3965
-1
5586
9100
2102
9340
1471
8418
-1
-1
-1
-1
-1
-1
2001
-1
-1
-1
-1
6378
7995
9673
2263
6744
-1
7232
4728
-1
4002
8584
1116
-1
9680
-1
7988
-1
-1
6815
-1
3415
-1
-1
3639
-1
6177
857
-1
-1
-1
-1
6537
248
7771
-1
-1
840
8587
2284
-1
1409
-1
-1
6188
-1
-1
-1
6741
-1
-1
3345
3684
-1
-1
8681
7195
9245
3333
5691
2322
-1
-1
-1
318
4015
-1
-1
-1
5543
-1
-1
-1
8886
-1
-1
8538
-1
-1
-1
-1
-1
2816
-1
8164
-1
-1
-1
-1
7879
-1
8416
8012
-1
2799
-1
-1
6631
-1
2093
8325
-1
1639
-1
-1
1287
-1
7275
-1
-1
1510
-1
8226
-1
-1
-1
1840
-1
-1
-1
-1
-1
6881
2892
1090
-1
7604
6550
1798
8280
-1
7461
-1
7974
-1
4328
-1
6267
-1
-1
378
-1
-1
1742
4708
-1
7352
9215
-1
4920
-1
4874
-1
8746
-1
-1
-1
6148
549
-1
3310
-1
9972
-1
4387
7089
2948
-1
2544
3571
1598
-1
2049
-1
-1
6970
-1
-1
7695
-1
-1
1094
-1
-1
-1
7042
-1
-1
55
5298
6268
7796
-1
-1
5280
-1
3128
7394
-1
-1
-1
2008
-1
-1
8882
4434
-1
1995
3574
-1
26
9236
-1
-1
8411
2961
8326
-1
-1
-1
2831
-1
4927
5382
-1
2417
-1
5094
3568
4658
-1
-1
-1
7398
4646
1667
-1
7778
-1
8567
-1
-1
5373
-1
-1
5383
-1
1916
-1
6989
1727
5996
183
4810
9
710
-1
7184
-1
-1
-1
711
-1
5399
4099
-1
5682
6610
-1
6964
-1
-1
2771
-1
7189
-1
-1
3664
-1
-1
-1
3819
8749
1398
7904
8555
9336
9834
-1
7002
9835
5081
1650
-1
9919
4291
4936
6202
513
3972
8218
3299
3800
-1
-1
-1
-1
3984
-1
9776
-1
123
8462
6783
-1
6111
2178
6650
-1
-1
-1
-1
-1
5660
-1
-1
7572
3030
-1
-1
8972
6670
-1
4047
8937
7143
-1
-1
2016
-1
-1
2099
-1
-1
-1
-1
1698
5192
-1
-1
7973
-1
-1
2752
541
7469
-1
-1
3321
-1
-1
-1
5412
5301
-1
-1
5868
9839
-1
-1
7075
5377
6187
9742
4351
5773
-1
-1
-1
4883
-1
8598
-1
-1
-1
-1
5137
-1
6281
6536
5526
-1
-1
6425
-1
-1
-1
3820
-1
-1
5963
-1
-1
-1
-1
6827
-1
-1
-1
-1
-1
-1
-1
3106
1144
-1
6700
2670
7720
2858
-1
-1
-1
2388
-1
-1
7334
-1
-1
-1
-1
-1
-1
-1
-1
2392
1942
5199
4545
819
-1
-1
5519
-1
8230
7608
-1
8993
-1
3617
9872
8420
-1
-1
1159
-1
-1
-1
6332
-1
-1
1186
-1
3881
5260
4237
2944
9230
-1
-1
-1
-1
-1
-1
-1
-1
-1
